5.822995	 3.078096	 -0.665625	 -0.477196	 
5.252826	 3.098768	 -0.213268	 -1.003474	 
5.954486	 2.025396	 -0.721840	 0.182400	 
5.351582	 3.609398	 -0.180352	 -1.146293	 
5.814137	 2.253349	 -0.359872	 -0.741048	 
6.242676	 2.338166	 -1.005164	 0.367877	 
5.409023	 2.370695	 -0.240190	 -0.739729	 
5.481104	 3.599252	 -0.507342	 -0.888415	 
6.064053	 2.422092	 -0.768695	 -0.199904	 
5.899876	 1.953758	 -0.944593	 0.105819	 
5.941751	 2.346646	 -0.783482	 -0.191119	 
5.878900	 2.830445	 -0.505345	 -0.608705	 
5.279261	 2.139998	 -0.026641	 -0.466272	 
5.594124	 2.298087	 -0.024640	 -0.875554	 
5.014303	 2.782204	 0.303870	 -0.755875	 
5.396891	 2.900456	 -0.048298	 -0.841459	 
5.280729	 3.353952	 -0.011291	 -1.086035	 
5.647279	 3.037638	 -0.314283	 -1.150983	 
5.576289	 2.158496	 -0.257590	 -0.401081	 
5.669010	 2.100863	 -0.367457	 -0.349012	 
5.542598	 2.373544	 -0.259768	 -0.566346	 
5.989157	 2.598818	 -0.240084	 -1.073375	 
5.164863	 1.837228	 -0.096890	 -0.178000	 
5.239001	 2.825037	 -0.146162	 -0.848902	 
5.318174	 1.896230	 -0.228616	 -0.237505	 
5.978197	 1.724870	 -0.682284	 0.140020	 
5.442575	 2.013460	 -0.324328	 -0.332167	 
5.513395	 1.837216	 -0.480053	 -0.303874	 
5.687572	 2.048261	 -0.420211	 -0.361699	 
5.275189	 1.987038	 -0.048445	 -0.378527	 
5.254834	 2.854796	 -0.167509	 -0.906442	 
5.265492	 2.774498	 -0.204387	 -0.887165	 
4.923691	 2.655974	 0.079919	 -0.750720	 
5.388223	 2.738587	 -0.261006	 -0.699923	 
5.189365	 2.219450	 -0.090153	 -0.514216	 
5.361667	 2.839933	 -0.266469	 -0.767416	 

