0.065326	 4.621454	 4.119036	 0.544320	 88741.795049	 1.502552	 0.485509	 0.183029	 
0.037902	 5.021695	 4.319162	 0.509691	 154113.658505	 1.606482	 0.445076	 0.095458	 
0.066361	 4.279610	 2.603052	 0.580342	 71184.524741	 1.199495	 0.533802	 0.134373	 
0.033408	 5.194936	 5.494455	 0.473331	 157419.293505	 1.850142	 0.400290	 0.084872	 
0.061975	 4.353199	 2.600684	 0.576789	 110000.191448	 1.211951	 0.528423	 0.146615	 
0.079281	 4.189538	 3.058347	 0.575427	 53448.655146	 1.276014	 0.527916	 0.172193	 
0.044043	 4.851076	 3.366748	 0.541461	 126602.891375	 1.396647	 0.485608	 0.100694	 
0.042437	 4.902890	 4.937176	 0.500721	 117617.391313	 1.710666	 0.434121	 0.110080	 
0.062281	 4.394316	 3.209643	 0.555652	 56338.443593	 1.343665	 0.503367	 0.138354	 
0.083441	 4.118331	 2.675453	 0.589273	 66066.367024	 1.195537	 0.543033	 0.196714	 
0.075847	 4.281880	 3.012509	 0.576452	 81539.442855	 1.275109	 0.526538	 0.188044	 
0.051189	 4.792184	 3.938372	 0.527962	 97621.374383	 1.509537	 0.467971	 0.131872	 
0.049337	 4.706761	 2.706175	 0.560829	 121360.501839	 1.249792	 0.513344	 0.099815	 
0.061043	 4.262430	 2.623477	 0.564593	 82145.318868	 1.242285	 0.513597	 0.099855	 
0.041068	 4.975863	 3.525990	 0.539985	 148323.622896	 1.416366	 0.485913	 0.081219	 
0.034672	 5.133264	 4.066563	 0.512877	 148922.417773	 1.556978	 0.451152	 0.078167	 
0.030408	 5.233513	 4.121200	 0.514810	 164957.299407	 1.562861	 0.452894	 0.054505	 
0.080843	 4.323803	 3.575752	 0.576818	 69201.898607	 1.376600	 0.519288	 0.225756	 
0.048857	 4.670427	 3.179297	 0.535617	 99372.861948	 1.377693	 0.481002	 0.078929	 
0.059945	 4.342282	 2.645695	 0.558672	 74645.092225	 1.249070	 0.509946	 0.093845	 
0.041621	 4.908456	 3.704245	 0.518049	 131371.691801	 1.492481	 0.458635	 0.064758	 
0.055914	 4.457338	 3.526836	 0.545079	 75183.345319	 1.426912	 0.485947	 0.131003	 
0.056343	 4.591204	 2.767237	 0.556247	 115243.922100	 1.267432	 0.508225	 0.119807	 
0.034107	 5.128835	 4.505404	 0.489220	 160984.756849	 1.673479	 0.421652	 0.056655	 
0.055168	 4.548220	 2.830154	 0.544719	 91338.732141	 1.303269	 0.493935	 0.094997	 
0.081581	 3.964733	 2.178487	 0.596754	 59676.368618	 1.097125	 0.556418	 0.143331	 
0.049898	 4.667310	 3.204698	 0.534583	 100864.337762	 1.382906	 0.479951	 0.076384	 
0.053504	 4.525225	 3.024443	 0.538375	 89211.541897	 1.349293	 0.484882	 0.090627	 
0.054263	 4.479629	 2.902469	 0.543085	 87313.011377	 1.320845	 0.490903	 0.090103	 
0.051050	 4.667444	 2.986878	 0.538639	 101757.712717	 1.341190	 0.485829	 0.102138	 
0.037883	 4.873481	 4.174389	 0.492856	 120326.786644	 1.625496	 0.425516	 0.050248	 
0.036181	 4.936029	 4.344921	 0.489093	 129708.802596	 1.656897	 0.420954	 0.046311	 
0.032776	 5.186525	 4.546271	 0.484867	 165979.815124	 1.686727	 0.416941	 0.057748	 
0.034770	 5.126137	 4.476830	 0.487368	 151128.835631	 1.672844	 0.419528	 0.055120	 
0.046403	 4.739659	 3.251552	 0.525510	 103958.831533	 1.411707	 0.468479	 0.087779	 
0.032853	 5.193863	 4.731783	 0.480941	 163173.881782	 1.722479	 0.411506	 0.059422	 
 
