5,5,5,5,5,5,5
f1,f2,f3,f4,f5,f6,f7
a1.jpg,0.55121,29.84649,18713.09626,29691.17585,0.332211,0.055495,28.849437
a2.jpg,0.553068,16.091012,21703.96483,35492.57638,0.389967,0.058667,26.830865
a3.jpg,0.507771,22.288911,23942.53245,25720.75254,0.329198,0.045483,29.237492
a4.jpg,0.616461,8.072271,24424.20708,52897.84541,0.479539,0.054945,29.758372
a5.jpg,0.523682,20.518675,24876.48752,29192.14723,0.35144,0.045108,28.603311
a6.jpg,0.489992,28.055511,20820.6067,22505.88026,0.306543,0.04765,29.717944
a7.jpg,0.540121,17.85406,22865.14368,33111.56625,0.377847,0.047226,29.53441
a8.jpg,0.53372,19.248609,19935.13868,30215.05209,0.355894,0.068932,24.958141
a9.jpg,0.54931,15.90068,25828.23083,34219.53305,0.381646,0.046514,29.459559
a10.jpg,0.511298,26.622053,22820.67506,25291.70858,0.320765,0.04313,30.341822
a11.jpg,0.511568,26.187639,21037.41485,25100.1765,0.318739,0.046958,29.464071
a12.jpg,0.551414,16.584384,22246.67989,34997.53336,0.386018,0.049156,30.93707
a13.jpg,0.558297,11.481476,27464.08879,39278.35341,0.420304,0.046072,29.104517
a14.jpg,0.498705,25.165713,24974.65508,25081.50348,0.327941,0.042854,28.55515
a15.jpg,0.572632,12.157286,26402.23721,41699.60871,0.428493,0.049922,27.847455
a16.jpg,0.564362,12.221898,23146.45168,39508.27996,0.417475,0.049716,30.17918
a17.jpg,0.571777,13.42575,22920.37981,41096.00437,0.423619,0.053744,28.470159
a18.jpg,0.519201,56.872229,17876.05392,23156.69255,0.286086,0.051062,26.98766
a19.jpg,0.567023,10.470579,28321.10845,41358.15012,0.431981,0.047295,29.018976
a20.jpg,0.540563,15.568447,27982.99108,33633.09743,0.383234,0.042946,29.576894
a21.jpg,0.559843,10.286009,25485.42915,40185.5837,0.428581,0.046534,30.76959
a22.jpg,0.463167,42.04166,18343.96451,18543.859,0.274534,0.050775,26.786952
a23.jpg,0.550002,11.209481,28208.19739,37866.37696,0.415885,0.048319,27.745374
a24.jpg,0.590822,8.563237,25466.23483,47355.8967,0.46119,0.051135,29.647901
a25.jpg,0.535908,10.641297,28496.65429,36201.56393,0.413575,0.04412,29.64187
a26.jpg,0.51972,18.291623,28150.20108,29207.97066,0.357297,0.038283,31.883937
a27.jpg,0.584386,9.05486,29652.11289,45745.70957,0.453691,0.043809,30.680538
a28.jpg,0.553769,10.733685,29111.46475,38630.72327,0.420546,0.044818,29.680475
a29.jpg,0.552541,10.711378,29693.31871,38588.38922,0.421236,0.043946,29.674714
a30.jpg,0.54824,9.804477,28659.1709,38927.20161,0.428047,0.042421,30.590375
a31.jpg,0.592349,8.473847,28426.25524,47534.90089,0.461685,0.057157,25.727562
a32.jpg,0.587015,8.719507,27532.7196,46257.68212,0.456301,0.061067,25.121819
a33.jpg,0.603989,7.028223,27944.82832,52473.85863,0.489673,0.052103,28.423393
a34.jpg,0.612417,6.749905,27837.18813,54546.4504,0.49748,0.053297,29.4707
a35.jpg,0.572684,8.446234,29709.07448,44465.46821,0.454604,0.045748,29.348765
a36.jpg,0.609086,7.057114,26522.83971,53242.87722,0.490738,0.053244,29.948862