5,5,5
f1,f2,f3
a1.jpg,5.928789,0.426212,25
a2.jpg,5.942292,0.425325,26
a3.jpg,5.959507,0.423833,24
a4.jpg,5.957689,0.424045,24
a5.jpg,5.93977,0.425283,25
a6.jpg,5.947889,0.425163,23
a7.jpg,5.942275,0.424254,25
a8.jpg,5.947552,0.423602,25
a9.jpg,5.961739,0.422489,23
a10.jpg,5.946642,0.425573,23
a11.jpg,5.942574,0.426187,22
a12.jpg,5.938326,0.423524,26
a13.jpg,5.948805,0.424141,26
a14.jpg,5.959283,0.423156,25
a15.jpg,5.954978,0.425651,24
a16.jpg,5.960325,0.423645,22
a17.jpg,5.946761,0.42307,25
a18.jpg,5.93988,0.424989,24
a19.jpg,5.943182,0.424304,27
a20.jpg,5.953785,0.423203,25
a21.jpg,5.952537,0.42365,25
a22.jpg,5.937736,0.424307,26
a23.jpg,5.945469,0.423626,28
a24.jpg,5.954545,0.423091,26
a25.jpg,5.95502,0.425135,25
a26.jpg,5.942902,0.422912,27
a27.jpg,5.946918,0.426831,25
a28.jpg,5.944785,0.424921,26
a29.jpg,5.961322,0.422838,24
a30.jpg,5.953895,0.422551,25
a31.jpg,5.951373,0.423793,25
a32.jpg,5.946602,0.424377,25
a33.jpg,5.950201,0.423158,25
a34.jpg,5.9568,0.423328,25
a35.jpg,5.939921,0.423381,27
a36.jpg,5.950161,0.424057,26