5.928789 0.225839 0.683622 1.725331 0.581892 0.903357 1.808749 0.426212 0.190821 0.416274 0.427521 25 10 17 47 12 25 52 
5.942292 0.397362 0.863974 1.103050 0.936521 0.977741 1.663644 0.425325 0.244513 0.394092 0.405902 26 22 24 57 23 59 94 
5.959507 0.047535 1.433099 1.683099 0.325704 0.156690 2.313380 0.423833 0.533333 0.411490 0.416292 24 4 64 38 19 6 54 
5.957689 0.312449 0.504475 1.806347 0.831570 1.158666 1.344182 0.424045 0.103175 0.396809 0.411922 24 15 12 51 16 60 66 
5.939770 0.630647 0.669619 1.408326 1.325066 0.699734 1.206377 0.425283 0.362029 0.354638 0.460559 25 16 14 14 113 37 32 
5.947889 0.138365 0.336029 2.688230 0.452830 0.675651 1.656783 0.425163 0.000000 0.329345 0.455411 23 11 12 38 14 42 27 
5.942275 0.378608 1.332767 0.823430 1.314092 0.553480 1.539898 0.424254 0.338194 0.367284 0.441367 25 16 56 12 47 19 58 
5.947552 0.372378 0.277972 2.031469 0.634615 1.300699 1.330420 0.423602 0.182639 0.346743 0.426261 25 21 7 56 14 62 30 
5.961739 0.071304 0.646957 2.866087 0.366957 0.396522 1.613913 0.422489 0.225490 0.407504 0.445582 23 3 19 39 12 24 55 
5.946642 0.207912 0.625575 2.399264 0.480221 0.535419 1.698252 0.425573 0.410000 0.408641 0.449748 23 8 15 48 18 10 62 
5.942574 0.249505 0.825743 1.734653 0.683168 0.653465 1.796040 0.426187 0.193725 0.365347 0.443152 22 17 28 44 21 23 58 
5.938326 0.192070 0.940969 1.437885 0.655507 0.659031 2.052863 0.423524 0.333333 0.366424 0.403496 26 8 41 55 18 18 79 
5.948805 0.247440 2.520478 0.392491 1.175768 0.313993 1.298635 0.424141 0.407500 0.425829 0.480856 26 8 45 36 30 12 45 
5.959283 0.333876 1.410423 0.995114 1.052117 0.646580 1.521173 0.423156 0.471247 0.409795 0.371213 25 11 31 57 36 18 69 
5.954978 0.574892 1.875325 0.533333 1.651948 0.431169 0.888312 0.425651 0.431167 0.409244 0.469171 24 13 53 16 74 22 19 
5.960325 0.164112 1.931470 0.703336 1.132552 0.486925 1.541930 0.423645 0.246032 0.393471 0.425085 22 6 63 18 42 19 62 
5.946761 0.383319 1.643301 0.890861 1.173026 0.395741 1.460515 0.423070 0.481137 0.424458 0.387500 25 14 39 81 44 12 88 
5.939880 0.893788 0.438878 1.236473 0.967936 1.436874 0.965932 0.424989 0.411307 0.341667 0.414346 24 18 21 52 32 64 24 
5.943182 0.047078 1.909091 0.863636 0.566558 0.392857 2.163961 0.424304 0.666667 0.408843 0.402978 27 2 53 32 16 17 74 
5.953785 0.082869 1.569721 1.024701 0.615139 0.419124 2.242231 0.423203 0.410256 0.412164 0.383761 25 4 53 25 12 11 69 
5.952537 0.152209 1.410802 0.962357 0.734861 0.618658 2.073650 0.423650 0.295425 0.385839 0.375654 25 7 86 35 20 15 49 
5.937736 0.900000 0.616981 0.943396 0.769811 1.566038 1.141509 0.424307 0.422687 0.419674 0.321472 26 20 17 50 19 92 44 
5.945469 0.222935 2.163593 0.535686 0.920609 0.482759 1.619888 0.423626 0.494510 0.441778 0.366828 28 6 62 18 19 17 63 
5.954545 0.155172 1.210031 1.228840 0.653605 0.615987 2.090909 0.423091 0.432639 0.436337 0.407412 26 12 61 52 27 18 55 
5.955020 0.089960 1.890763 0.604016 0.677912 0.382329 2.310040 0.425135 0.539080 0.382303 0.324743 25 3 50 14 16 13 48 
5.942902 0.028549 1.046788 1.804917 0.188739 0.312450 2.561459 0.422912 0.375000 0.422453 0.382467 27 5 23 55 4 12 57 
5.946918 0.046233 1.958904 0.940068 0.434932 0.424658 2.142123 0.426831 0.000000 0.432061 0.438901 25 6 46 24 16 10 68 
5.944785 0.069018 1.142638 1.239264 0.480061 0.503067 2.510736 0.424921 0.458333 0.410043 0.384663 26 5 22 64 12 13 50 
5.961322 0.093473 1.102337 1.210314 0.570508 0.552780 2.431910 0.422838 0.506410 0.404567 0.359694 24 4 41 69 19 12 47 
5.953895 0.166932 1.888712 0.467409 1.090620 0.569157 1.771065 0.422551 0.469935 0.407872 0.293939 25 6 53 21 52 12 86 
5.951373 0.095686 0.748235 1.485490 0.564706 0.861176 2.196078 0.423793 0.375000 0.359548 0.390241 25 4 19 85 34 21 59 
5.946602 0.080906 0.733010 1.731392 0.443366 0.776699 2.181230 0.424377 0.400000 0.437248 0.381072 25 4 21 56 11 16 67 
5.950201 0.221687 1.519679 0.740562 0.796787 0.681124 1.990361 0.423158 0.244706 0.420401 0.365979 25 14 64 29 13 15 55 
5.956800 0.040000 1.214400 1.206400 0.403200 0.464000 2.628800 0.423328 0.444444 0.411409 0.360382 25 3 52 41 13 11 48 
5.939921 0.115415 1.742292 0.690909 0.776285 0.475889 2.139130 0.423381 0.320513 0.427571 0.313210 27 6 55 20 16 10 86 
5.950161 0.040193 1.081994 1.398714 0.398714 0.546624 2.483923 0.424057 0.259259 0.407298 0.378488 26 2 30 81 18 10 51 
