5.81481500 0.46450600 10.00000000 57.76051896 52.62663094 0.01535388 0.47674599 860.77258065 1023.14480024 0.00305055 0.54309430 
5.87900400 0.45294300 13.00000000 43.03167630 34.41585282 0.02225883 0.44437638 527.66208791 668.35818887 0.00148659 0.55881844 
5.60714300 0.46112500 7.00000000 78.25218014 74.14480892 0.01629221 0.48652411 1573.46078431 2173.83522321 0.00244754 0.58010769 
5.84732800 0.44396900 13.00000000 45.91151401 37.25421917 0.01858850 0.44795155 564.14851485 510.22956408 0.00528071 0.47490690 
5.87138300 0.45413700 13.00000000 38.22097298 35.46731486 0.02173080 0.48131550 469.33913765 751.71253087 0.00143358 0.61562713 
5.78461500 0.47172200 9.00000000 66.30573344 52.43067021 0.01426052 0.44157199 1062.63360324 1085.20082082 0.00175395 0.50525348 
5.83141800 0.45764200 12.00000000 42.61285071 31.36223656 0.03082677 0.42395674 561.34231537 667.74278662 0.00104952 0.54328442 
5.87301600 0.44882500 12.00000000 45.68523850 38.12687400 0.01677483 0.45490888 582.72290389 591.67712833 0.00176991 0.50381225 
5.71111100 0.46220500 8.00000000 72.08399333 61.37219195 0.01387078 0.45986772 1352.18452381 1830.86950610 0.00159700 0.57519272 
5.77777800 0.46483900 9.00000000 60.05571228 56.53573283 0.01742667 0.48490464 1050.45117187 1567.19747763 0.00105644 0.59870429 
5.83647800 0.45707800 9.00000000 57.11754602 57.48414890 0.01555556 0.50159947 850.63071895 1535.01041997 0.00048196 0.64343727 
5.77639800 0.44855100 10.00000000 54.91125576 44.57086100 0.01623832 0.44802888 870.24426230 829.77464155 0.00379157 0.48809730 
5.85858600 0.43929400 11.00000000 51.37811730 48.06793294 0.01405122 0.48335688 750.82767624 909.92249199 0.00360515 0.54789848 
5.87603300 0.44023000 12.00000000 44.47215337 38.54031738 0.01143802 0.46427142 603.19042553 699.77339266 0.00291594 0.53706280 
5.86075900 0.44144800 14.00000000 36.35403937 27.93709959 0.02162406 0.43454044 429.89198036 470.29888538 0.00134378 0.52244352 
5.81720400 0.44557500 11.00000000 50.17987527 36.57927069 0.02109560 0.42161861 780.49438202 779.38735237 0.00154784 0.49964516 
5.85454500 0.44250400 11.00000000 47.69575832 47.26285365 0.01218510 0.49772056 677.53764706 854.96484108 0.00597957 0.55788806 
5.90502800 0.44537600 13.00000000 36.59689863 33.03967757 0.01702568 0.47445867 392.49214286 430.01984385 0.00136820 0.52281286 
5.75438600 0.45487300 9.00000000 66.97723938 54.61461323 0.01880295 0.44916343 1252.94186047 1399.03358755 0.00428669 0.52754394 
5.76378000 0.45128100 9.00000000 62.18809835 48.62674148 0.01703735 0.43881074 1131.26666667 1063.72862202 0.00601604 0.48461545 
5.83625700 0.44647300 11.00000000 52.93655072 45.15562286 0.01141297 0.46033869 801.30091185 772.20694321 0.00440845 0.49075506 
5.86849300 0.44195700 14.00000000 36.41319217 30.82854418 0.02157443 0.45847335 412.46393211 451.64406837 0.00148508 0.52267086 
5.78350500 0.45278900 12.00000000 46.85036305 34.08543346 0.02889680 0.42114163 757.63586957 891.41073281 0.00239234 0.54056127 
5.82659000 0.45477600 10.00000000 51.19415502 42.26388934 0.01531555 0.45222313 774.04819277 819.19378470 0.00336291 0.51416784 
5.78947400 0.44423000 9.00000000 61.09254124 54.76153419 0.01630753 0.47267680 1090.56324111 1278.59666219 0.00193764 0.53968356 
5.54838700 0.47194100 7.00000000 87.31641965 64.74466141 0.02150928 0.42578062 2111.75225225 2899.79868022 0.00008754 0.57862301 
5.67391300 0.45745300 8.00000000 72.47660325 50.44471677 0.02105367 0.41038216 1560.34705882 1524.70269393 0.00552975 0.49422305 
5.78512400 0.44073200 9.00000000 63.17887285 43.97630611 0.02001906 0.41039833 1166.80000000 1027.33013513 0.00653419 0.46821750 
5.79562000 0.45316900 9.00000000 60.41367016 48.44417327 0.01816317 0.44502235 1028.85632184 920.21810095 0.00891502 0.47213082 
5.82775100 0.44303200 12.00000000 47.34655382 33.06858501 0.01354916 0.41122338 718.29551122 695.13154013 0.00093534 0.49180574 
5.77514800 0.44955400 11.00000000 52.92879016 35.48898861 0.01372908 0.40137842 864.93437500 850.95561555 0.00224611 0.49592667 
5.82312900 0.44968100 9.00000000 59.91687808 47.52896774 0.01783549 0.44235277 1005.05319149 985.35766616 0.00384911 0.49505240 
5.83251200 0.44788100 11.00000000 46.54330502 34.40285100 0.01236916 0.42500908 672.76410256 776.87300874 0.00183856 0.53590861 
5.66000000 0.44516700 9.00000000 66.55894062 45.16376037 0.02612109 0.40424873 1397.51358696 1510.97829782 0.00469377 0.51950576 
5.81250000 0.43965800 10.00000000 55.88820063 44.31353073 0.01856424 0.44224316 913.20915033 911.39543093 0.00605425 0.49950298 
5.72727300 0.44396800 9.00000000 65.99173595 46.35935506 0.01952756 0.41262933 1321.48300971 1206.38047570 0.00678914 0.47723324 

