5,5,5,5,5,5,5,5,5,5,5
f1,f2,f3,f4,f5,f6,f7,f8,f9,f10,f11
a1.jpg,5.814815,0.464506,10,57.76051896,52.62663094,0.01535388,0.47674599,860.7725807,1023.1448,0.00305055,0.5430943
a2.jpg,5.879004,0.452943,13,43.0316763,34.41585282,0.02225883,0.44437638,527.6620879,668.3581889,0.00148659,0.55881844
a3.jpg,5.607143,0.461125,7,78.25218014,74.14480892,0.01629221,0.48652411,1573.460784,2173.835223,0.00244754,0.58010769
a4.jpg,5.847328,0.443969,13,45.91151401,37.25421917,0.0185885,0.44795155,564.1485149,510.2295641,0.00528071,0.4749069
a5.jpg,5.871383,0.454137,13,38.22097298,35.46731486,0.0217308,0.4813155,469.3391377,751.7125309,0.00143358,0.61562713
a6.jpg,5.784615,0.471722,9,66.30573344,52.43067021,0.01426052,0.44157199,1062.633603,1085.200821,0.00175395,0.50525348
a7.jpg,5.831418,0.457642,12,42.61285071,31.36223656,0.03082677,0.42395674,561.3423154,667.7427866,0.00104952,0.54328442
a8.jpg,5.873016,0.448825,12,45.6852385,38.126874,0.01677483,0.45490888,582.7229039,591.6771283,0.00176991,0.50381225
a9.jpg,5.711111,0.462205,8,72.08399333,61.37219195,0.01387078,0.45986772,1352.184524,1830.869506,0.001597,0.57519272
a10.jpg,5.777778,0.464839,9,60.05571228,56.53573283,0.01742667,0.48490464,1050.451172,1567.197478,0.00105644,0.59870429
a11.jpg,5.836478,0.457078,9,57.11754602,57.4841489,0.01555556,0.50159947,850.630719,1535.01042,0.00048196,0.64343727
a12.jpg,5.776398,0.448551,10,54.91125576,44.570861,0.01623832,0.44802888,870.2442623,829.7746416,0.00379157,0.4880973
a13.jpg,5.858586,0.439294,11,51.3781173,48.06793294,0.01405122,0.48335688,750.8276762,909.922492,0.00360515,0.54789848
a14.jpg,5.876033,0.44023,12,44.47215337,38.54031738,0.01143802,0.46427142,603.1904255,699.7733927,0.00291594,0.5370628
a15.jpg,5.860759,0.441448,14,36.35403937,27.93709959,0.02162406,0.43454044,429.8919804,470.2988854,0.00134378,0.52244352
a16.jpg,5.817204,0.445575,11,50.17987527,36.57927069,0.0210956,0.42161861,780.494382,779.3873524,0.00154784,0.49964516
a17.jpg,5.854545,0.442504,11,47.69575832,47.26285365,0.0121851,0.49772056,677.5376471,854.9648411,0.00597957,0.55788806
a18.jpg,5.905028,0.445376,13,36.59689863,33.03967757,0.01702568,0.47445867,392.4921429,430.0198439,0.0013682,0.52281286
a19.jpg,5.754386,0.454873,9,66.97723938,54.61461323,0.01880295,0.44916343,1252.94186,1399.033588,0.00428669,0.52754394
a20.jpg,5.76378,0.451281,9,62.18809835,48.62674148,0.01703735,0.43881074,1131.266667,1063.728622,0.00601604,0.48461545
a21.jpg,5.836257,0.446473,11,52.93655072,45.15562286,0.01141297,0.46033869,801.3009119,772.2069432,0.00440845,0.49075506
a22.jpg,5.868493,0.441957,14,36.41319217,30.82854418,0.02157443,0.45847335,412.4639321,451.6440684,0.00148508,0.52267086
a23.jpg,5.783505,0.452789,12,46.85036305,34.08543346,0.0288968,0.42114163,757.6358696,891.4107328,0.00239234,0.54056127
a24.jpg,5.82659,0.454776,10,51.19415502,42.26388934,0.01531555,0.45222313,774.0481928,819.1937847,0.00336291,0.51416784
a25.jpg,5.789474,0.44423,9,61.09254124,54.76153419,0.01630753,0.4726768,1090.563241,1278.596662,0.00193764,0.53968356
a26.jpg,5.548387,0.471941,7,87.31641965,64.74466141,0.02150928,0.42578062,2111.752252,2899.79868,0.00008754,0.57862301
a27.jpg,5.673913,0.457453,8,72.47660325,50.44471677,0.02105367,0.41038216,1560.347059,1524.702694,0.00552975,0.49422305
a28.jpg,5.785124,0.440732,9,63.17887285,43.97630611,0.02001906,0.41039833,1166.8,1027.330135,0.00653419,0.4682175
a29.jpg,5.79562,0.453169,9,60.41367016,48.44417327,0.01816317,0.44502235,1028.856322,920.218101,0.00891502,0.47213082
a30.jpg,5.827751,0.443032,12,47.34655382,33.06858501,0.01354916,0.41122338,718.2955112,695.1315401,0.00093534,0.49180574
a31.jpg,5.775148,0.449554,11,52.92879016,35.48898861,0.01372908,0.40137842,864.934375,850.9556156,0.00224611,0.49592667
a32.jpg,5.823129,0.449681,9,59.91687808,47.52896774,0.01783549,0.44235277,1005.053191,985.3576662,0.00384911,0.4950524
a33.jpg,5.832512,0.447881,11,46.54330502,34.402851,0.01236916,0.42500908,672.7641026,776.8730087,0.00183856,0.53590861
a34.jpg,5.66,0.445167,9,66.55894062,45.16376037,0.02612109,0.40424873,1397.513587,1510.978298,0.00469377,0.51950576
a35.jpg,5.8125,0.439658,10,55.88820063,44.31353073,0.01856424,0.44224316,913.2091503,911.3954309,0.00605425,0.49950298
a36.jpg,5.727273,0.443968,9,65.99173595,46.35935506,0.01952756,0.41262933,1321.48301,1206.380476,0.00678914,0.47723324