5,5,5,5
f1,f2,f3,f4
a1.jpg,5.822995,3.078096,-0.665625,-0.477196
a2.jpg,5.252826,3.098768,-0.213268,-1.003474
a3.jpg,5.954486,2.025396,-0.72184,0.1824
a4.jpg,5.351582,3.609398,-0.180352,-1.146293
a5.jpg,5.814137,2.253349,-0.359872,-0.741048
a6.jpg,6.242676,2.338166,-1.005164,0.367877
a7.jpg,5.409023,2.370695,-0.24019,-0.739729
a8.jpg,5.481104,3.599252,-0.507342,-0.888415
a9.jpg,6.064053,2.422092,-0.768695,-0.199904
a10.jpg,5.899876,1.953758,-0.944593,0.105819
a11.jpg,5.941751,2.346646,-0.783482,-0.191119
a12.jpg,5.8789,2.830445,-0.505345,-0.608705
a13.jpg,5.279261,2.139998,-0.026641,-0.466272
a14.jpg,5.594124,2.298087,-0.02464,-0.875554
a15.jpg,5.014303,2.782204,0.30387,-0.755875
a16.jpg,5.396891,2.900456,-0.048298,-0.841459
a17.jpg,5.280729,3.353952,-0.011291,-1.086035
a18.jpg,5.647279,3.037638,-0.314283,-1.150983
a19.jpg,5.576289,2.158496,-0.25759,-0.401081
a20.jpg,5.66901,2.100863,-0.367457,-0.349012
a21.jpg,5.542598,2.373544,-0.259768,-0.566346
a22.jpg,5.989157,2.598818,-0.240084,-1.073375
a23.jpg,5.164863,1.837228,-0.09689,-0.178
a24.jpg,5.239001,2.825037,-0.146162,-0.848902
a25.jpg,5.318174,1.89623,-0.228616,-0.237505
a26.jpg,5.978197,1.72487,-0.682284,0.14002
a27.jpg,5.442575,2.01346,-0.324328,-0.332167
a28.jpg,5.513395,1.837216,-0.480053,-0.303874
a29.jpg,5.687572,2.048261,-0.420211,-0.361699
a30.jpg,5.275189,1.987038,-0.048445,-0.378527
a31.jpg,5.254834,2.854796,-0.167509,-0.906442
a32.jpg,5.265492,2.774498,-0.204387,-0.887165
a33.jpg,4.923691,2.655974,0.079919,-0.75072
a34.jpg,5.388223,2.738587,-0.261006,-0.699923
a35.jpg,5.189365,2.21945,-0.090153,-0.514216
a36.jpg,5.361667,2.839933,-0.266469,-0.767416