5,5,5,5,5,5,5,5
f1,f2,f3,f4,f5,f6,f7,f8
a1.jpg,0.065326,4.621454,4.119036,0.54432,88741.79505,1.502552,0.485509,0.183029
a2.jpg,0.037902,5.021695,4.319162,0.509691,154113.6585,1.606482,0.445076,0.095458
a3.jpg,0.066361,4.27961,2.603052,0.580342,71184.52474,1.199495,0.533802,0.134373
a4.jpg,0.033408,5.194936,5.494455,0.473331,157419.2935,1.850142,0.40029,0.084872
a5.jpg,0.061975,4.353199,2.600684,0.576789,110000.1914,1.211951,0.528423,0.146615
a6.jpg,0.079281,4.189538,3.058347,0.575427,53448.65515,1.276014,0.527916,0.172193
a7.jpg,0.044043,4.851076,3.366748,0.541461,126602.8914,1.396647,0.485608,0.100694
a8.jpg,0.042437,4.90289,4.937176,0.500721,117617.3913,1.710666,0.434121,0.11008
a9.jpg,0.062281,4.394316,3.209643,0.555652,56338.44359,1.343665,0.503367,0.138354
a10.jpg,0.083441,4.118331,2.675453,0.589273,66066.36702,1.195537,0.543033,0.196714
a11.jpg,0.075847,4.28188,3.012509,0.576452,81539.44286,1.275109,0.526538,0.188044
a12.jpg,0.051189,4.792184,3.938372,0.527962,97621.37438,1.509537,0.467971,0.131872
a13.jpg,0.049337,4.706761,2.706175,0.560829,121360.5018,1.249792,0.513344,0.099815
a14.jpg,0.061043,4.26243,2.623477,0.564593,82145.31887,1.242285,0.513597,0.099855
a15.jpg,0.041068,4.975863,3.52599,0.539985,148323.6229,1.416366,0.485913,0.081219
a16.jpg,0.034672,5.133264,4.066563,0.512877,148922.4178,1.556978,0.451152,0.078167
a17.jpg,0.030408,5.233513,4.1212,0.51481,164957.2994,1.562861,0.452894,0.054505
a18.jpg,0.080843,4.323803,3.575752,0.576818,69201.89861,1.3766,0.519288,0.225756
a19.jpg,0.048857,4.670427,3.179297,0.535617,99372.86195,1.377693,0.481002,0.078929
a20.jpg,0.059945,4.342282,2.645695,0.558672,74645.09223,1.24907,0.509946,0.093845
a21.jpg,0.041621,4.908456,3.704245,0.518049,131371.6918,1.492481,0.458635,0.064758
a22.jpg,0.055914,4.457338,3.526836,0.545079,75183.34532,1.426912,0.485947,0.131003
a23.jpg,0.056343,4.591204,2.767237,0.556247,115243.9221,1.267432,0.508225,0.119807
a24.jpg,0.034107,5.128835,4.505404,0.48922,160984.7568,1.673479,0.421652,0.056655
a25.jpg,0.055168,4.54822,2.830154,0.544719,91338.73214,1.303269,0.493935,0.094997
a26.jpg,0.081581,3.964733,2.178487,0.596754,59676.36862,1.097125,0.556418,0.143331
a27.jpg,0.049898,4.66731,3.204698,0.534583,100864.3378,1.382906,0.479951,0.076384
a28.jpg,0.053504,4.525225,3.024443,0.538375,89211.5419,1.349293,0.484882,0.090627
a29.jpg,0.054263,4.479629,2.902469,0.543085,87313.01138,1.320845,0.490903,0.090103
a30.jpg,0.05105,4.667444,2.986878,0.538639,101757.7127,1.34119,0.485829,0.102138
a31.jpg,0.037883,4.873481,4.174389,0.492856,120326.7866,1.625496,0.425516,0.050248
a32.jpg,0.036181,4.936029,4.344921,0.489093,129708.8026,1.656897,0.420954,0.046311
a33.jpg,0.032776,5.186525,4.546271,0.484867,165979.8151,1.686727,0.416941,0.057748
a34.jpg,0.03477,5.126137,4.47683,0.487368,151128.8356,1.672844,0.419528,0.05512
a35.jpg,0.046403,4.739659,3.251552,0.52551,103958.8315,1.411707,0.468479,0.087779
a36.jpg,0.032853,5.193863,4.731783,0.480941,163173.8818,1.722479,0.411506,0.059422